0
6
11
16
22
27
32
37
42
48
53
59
64
70
76
82
89
96
106
117
128
140
152
164
176
189
202
215
228
241
250
260
270
280
290
300
311
321
332
342
352
363
373
384
394
404
414
428
442
455
469
482
495
509
522
536
550
564
578
606
634
662
692
725
761
774
787
801
815
830
844
859
875
890
906
922
938
955
972
989
1006
1023
1041
1058
1075
1093
1111
1129
1148
1166
1185
1204
1223
1243
1262
1281
1301
1320
1340
1359
1378
1397
1410
1423
1436
1449
1462
1475
1488
1500
1513
1526
1538
1551
1564
1577
1590
1603
1616
1630
1643
1657
1671
1685
1700
1715
1730
1745
1761
1768
1775
1782
1789
1796
1803
1810
1818
1825
1833
1840
1848
1856
1864
1872
1880
1887
1896
1904
1912
1920
1928
1936
1944
1953
1961
1969
1978
1986
1994
2003
2011
2019
2028
2036
2044
2052
2061
2069
2077
2085
2093
2101
2110
2118
2126
2133
2141
2149
2157
2165
2172
2180
2187
2195
2202
2209
2216
2223
2230
2237
2244
2250
2257
2263
2270
2276
2283
2289
2295
2301
2307
2313
2319
2325
2331
2337
2343
2349
2354
2360
2366
2371
2377
2382
2388
2393
2399
2404
2409
2414
2420
2425
2430
2435
2440
2445
2451
2456
2461
2465
2470
2475
2480
2485
2490
2495
2499
2504
2509
2514
2518
2523
2528
2532
2537
2541
2546
2551
2555
2560
2564
2569
2573
2578
2582
2587
2591
2595
2600
2604
2608
2613
2617
2621
2625
2630
2634
2638
2642
2646
2650
2654
2658
2662
2666
2669
2673
2677
2681
2685
2688
2692
2696
2700
2703
2707
2710
2714
2718
2721
2725
2728
2732
2735
2739
2742
2746
2749
2752
2756
2759
2763
2766
2769
2773
2776
2779
2783
2786
2789
2792
2796
2799
2802
2806
2809
2812
2815
2819
2822
2825
2828
2831
2835
2838
2841
2844
2847
2850
2853
2856
2859
2862
2865
2868
2871
2874
2877
2880
2883
2886
2889
2892
2895
2898
2900
2903
2906
2909
2912
2914
2917
2920
2923
2925
2928
2931
2934
2936
2939
2942
2944
2947
2950
2952
2955
2958
2960
2963
2966
2968
2971
2974
2976
2979
2981
2984
2987
2989
2992
2995
2997
3000
3002
3005
3008
3010
3013
3015
3018
3021
3023
3026
3028
3031
3033
3036
3038
3041
3043
3046
3048
3051
3053
3056
3058
3061
3063
3066
3068
3071
3073
3075
3078
3080
3083
3085
3088
3090
3092
3095
3097
3099
3102
3104
3107
3109
3111
3114
3116
3118
3120
3123
3125
3127
3130
3132
3134
3137
3139
3141
3143
3146
3148
3150
3152
3155
3157
3159
3161
3163
3166
3168
3170
3172
3174
3177
3179
3181
3183
3185
3187
3189
3191
3194
3196
3198
3200
3202
3204
3206
3208
3210
3212
3214
3216
3218
3220
3223
3225
3227
3229
3231
3233
3235
3237
3239
3241
3243
3245
3247
3248
3250
3252
3254
3256
3258
3260
3262
3264
3266
3268
3270
3272
3274
3276
3278
3279
3281
3283
3285
3287
3289
3291
3293
3295
3297
3298
3300
3302
3304
3306
3308
3310
3311
3313
3315
3317
3319
3320
3322
3324
3326
3328
3329
3331
3333
3335
3336
3338
3340
3342
3344
3345
3347
3349
3350
3352
3354
3356
3357
3359
3361
3363
3364
3366
3368
3369
3371
3373
3375
3376
3378
3380
3381
3383
3385
3387
3388
3390
3392
3393
3395
3397
3399
3400
3402
3404
3405
3407
3409
3411
3412
3414
3416
3417
3419
3421
3422
3424
3426
3427
3429
3431
3432
3434
3436
3437
3439
3441
3442
3444
3446
3447
3449
3451
3452
3454
3455
3457
3459
3460
3462
3464
3465
3467
3469
3470
3472
3473
3475
3477
3478
3480
3482
3483
3485
3487
3488
3490
3492
3493
3495
3496
3498
3500
3501
3503
3505
3506
3508
3510
3511
3513
3515
3516
3518
3520
3521
3523
3525
3526
3528
3530
3531
3533
3535
3536
3538
3540
3542
3543
3545
3547
3548
3550
3552
3553
3555
3557
3558
3560
3562
3563
3565
3567
3568
3570
3572
3573
3575
3577
3578
3580
3582
3583
3585
3587
3588
3590
3592
3593
3595
3596
3598
3600
3601
3603
3605
3606
3608
3609
3611
3612
3614
3616
3617
3619
3620
3622
3623
3625
3626
3628
3629
3631
3632
3634
3635
3637
3638
3640
3641
3643
3644
3646
3647
3649
3650
3652
3653
3655
3656
3658
3659
3660
3662
3663
3665
3666
3668
3669
3671
3672
3673
3675
3676
3678
3679
3681
3682
3684
3685
3686
3688
3689
3691
3692
3694
3695
3696
3698
3699
3701
3702
3704
3705
3707
3708
3709
3711
3712
3714
3715
3717
3718
3719
3721
3722
3724
3725
3726
3728
3729
3731
3732
3733
3735
3736
3738
3739
3740
3742
3743
3745
3746
3747
3749
3750
3752
3753
3754
3756
3757
3759
3760
3761
3763
3764
3766
3767
3768
3770
3771
3773
3774
3776
3777
3778
3780
3781
3783
3784
3786
3787
3789
3790
3792
3793
3795
3796
3797
3799
3801
3802
3804
3805
3807
3808
3810
3811
3813
3814
3816
3818
3819
3821
3822
3824
3825
3827
3829
3830
3832
3833
3835
3837
3838
3840
3842
3843
3845
3846
3848
3850
3851
3853
3855
3856
3858
3859
3861
3863
3864
3866
3868
3869
3871
3872
3874
3876
3877
3879
3880
3882
3884
3885
3887
3888
3890
3892
3893
3895
3896
3898
3899
3901
3903
3904
3906
3907
3909
3910
3912
3913
3915
3916
3918
3919
3921
3922
3924
3925
3927
3928
3930
3931
3933
3934
3936
3937
3939
3940
3942
3943
3945
3946
3948
3949
3951
3952
3954
3955
3957
3958
3960
3961
3963
3964
3966
3967
3969
3970
3972
3973
3974
3976
3977
3979
3980
3982
3983
3985
3986
3988
3989
3991
3992
3994
3995
3997
3999
4000
4002
4003
4005
4006
4008
4009
4011
4012
4014
4015
4017
4018
4020
4021
4023
4024
4026
4027
4029
4031
4032
4034
4035
4037
4038
4040
4041
4043
4044
4046
4047
4049
4050
4052
4054
4055
4057
4058
4060
4061
4063
4064
4066
4067
4069
4070
4072
4074
4075
4077
4078
4080
4081
4083
4084
4086
4087
4089
4090
4092
4093
4095
